28386842
28386377
28386116
28382433
28382141
28382095
28381544
28381481
28380464
28379541
28376214
28371915
28371137
28370296
28370166
28370072
28369145
28368451
28368400
28367088
28362701
28357915
28356992
28356875
28356025
28352154
28351934
28351306
28350842
28350133
28350060
28349834
28341962
28340591
28340489
28340172
28340171
28339074
28337249
28334048
28333095
28331083
28328240
28327893
28327438
28326515
28325356
28325277
28324237
28321778
28321348
28321092
28320101
28319526
28304403
28301600
28300526
28297832
28295185
28294689
28294427
28291789
28288979
28288039
28281555
28280903
28280640
28280387
28280358
28279759
28278726
28277537
28273657
28273639
28270869
28270177
28270083
28268229
28266762
28263595
28263292
28260107
28260077
28259974
28259972
28259954
28259939
28259931
28259903
28259902
28259821
28259690
28258011
28257781
28256505
28254841
28251705
28248928
28247997
28247195
